0.314057925052216824831133126897582331177344023751294833564348669334558275803490290782728762155276690054600542214681392392660377113165273945025992820213737255e1
0.314159264621354228214934443198269577431443722334560279455953948482143476722079526469464344891799130587916462170553518844269299594347036211192373968117995867e1
0.314159265358979323827951277480186397438122550483544693578733070202638213783892739903141694204346905842984259384688964595486400500632036138762006706420155757e1
0.314159265358979323846264338327950288419711467828364892155661710697602676450064306171100657772659806843636166414827691416485454070719194016483154461773916685e1
0.314159265358979323846264338327950288419716939937510582097494459230781640628620899862562870321167203590974443910415038253620268912062548831722602181688300569e1
0.314159265358979323846264338327950288419716939937510582097494459230781640628620899862803482534211706798214808651328230664709384460955058223172535940812848085e1
0.314159265358979323846264338327950288419716939937510582097494459230781640628620899862803482534211706798214808651328230664709384460955058223172535940812848085e1
0.314159265358979323846264338327950288419716939937510582097494459230781640628620899862803482534211706798214808651328230664709384460955058223172535940812848085e1
0.314159265358979323846264338327950288419716939937510582097494459230781640628620899862803482534211706798214808651328230664709384460955058223172535940812848085e1
0.314159265358979323846264338327950288419716939937510582097494459230781640628620899862803482534211706798214808651328230664709384460955058223172535940812848085e1
